[0.06598870078672883, 0.2075206402758209, 0.04717646514733057, 0.1766496694662764, 0.08099255932994787, 0.047239836930680366, 0.06598386676017139, 0.07094231158109957, 0.03515034396617596, 0.10320052315248393, 0.06720663676743172, 0.08943548884674328, 0.09502821621720768, 0.0996039225752404, 0.042596958440992094, 0.0349525181416152, 0.07523624854877291, 0.05385044866285847, 0.07055060769253496, 0.051089904631123326, 0.05217249164820895]
[0.033604558977600174, 0.17894313148236737, 0.07289705494460966, 0.16516625546300442, 0.08129680659132504, 0.038846153624123816, 0.049730147034938714, 0.081985433190657, 0.03368762898383695, 0.058428413159039426, 0.06282569013104532, 0.07894150224578736, 0.07976335203458731, 0.06414442046316912, 0.029432546063811942, 0.04583872963979526, 0.06095142897177213, 0.04874170124417122, 0.05554483574960931, 0.053602851803932094, 0.05549434402088687]
[0.05226327946328034, 0.19774831862533526, 0.06773419243307621, 0.16843123117102238, 0.0831782659014984, 0.03787480337674186, 0.04800825144123534, 0.06490048339896952, 0.029019747412167774, 0.054490374262122575, 0.05448961532597701, 0.07797236240118142, 0.06851305685159982, 0.05502333587086294, 0.0320513578097028, 0.03977599699236, 0.0502850679140537, 0.038077278300511594, 0.051034042945667414, 0.038117441766352164, 0.03926563429831447]
[0.05800170292144701, 0.18930117500214147, 0.07636149112375627, 0.15625968425348158, 0.09959021615465295, 0.042099458367364236, 0.034637002923772794, 0.09637246545513611, 0.02681041229881465, 0.05097714075931804, 0.05204698591208552, 0.10113653992280973, 0.06964513825478721, 0.04468909160151522, 0.034584795498944734, 0.03497167943894258, 0.07619834660568194, 0.04831585419902685, 0.058208459803539156, 0.045561199521645716, 0.067276920202927]
[0.03431932319627993, 0.1974586980640597, 0.0734564090261305, 0.1928995312309728, 0.09583107745109189, 0.03464580822803697, 0.029201582586667326, 0.0900302530024592, 0.028411879424271664, 0.0502518859478327, 0.051366588588558054, 0.0951821394744469, 0.07971617586011785, 0.05311052293246964, 0.029320446120371556, 0.04232234715247131, 0.04875811528027661, 0.049874254263083964, 0.06978735147803958, 0.04498614344377161, 0.04134755169632127]
[0.058167730793586385, 0.18263270042793078, 0.07372250779786477, 0.201648098685349, 0.09345306721835767, 0.033498373701522345, 0.048830381427073126, 0.07872243046023898, 0.04246062497467718, 0.06674586039730229, 0.05404743043543618, 0.09411023706213521, 0.06403399910042219, 0.0711917812104883, 0.029397590492514634, 0.044413627036141635, 0.04132769376801909, 0.056043607992210684, 0.06123528571868087, 0.061378164138230704, 0.03672546321225017]
[0.033072893875249455, 0.16171974903276964, 0.047185674567802226, 0.1101530739152961, 0.06255812048576787, 0.05137199010683945, 0.029662481606646397, 0.05903275824509766, 0.043995414727819857, 0.03827284490143838, 0.06536167150450488, 0.06406644385901254, 0.05896848775916013, 0.04715605861560111, 0.054300432702045674, 0.019182405686016382, 0.042219468332468375, 0.021259165817789083, 0.042608891452482985, 0.02455999659681493, 0.039478246513722]
[0.024594064563026576, 0.2222862856270115, 0.053773685860943235, 0.13293371473220675, 0.06902048974020314, 0.06333912145163086, 0.03292467450550142, 0.07739003689338896, 0.04431755510168206, 0.04277335252817919, 0.10287144312439474, 0.07715104849018907, 0.07532480747419694, 0.05316559016156376, 0.06137812036187986, 0.013714791120326069, 0.041938778323416324, 0.02000821863886458, 0.040855534916137894, 0.025966994770187216, 0.03092104318669428]
[0.033997039290714806, 0.16565459011993605, 0.05225083646337501, 0.12228442222221718, 0.06478860763408835, 0.05891037950719278, 0.03656468907475324, 0.06553632250685236, 0.04538908775793012, 0.05026759659567411, 0.062486260375198506, 0.08290427755437892, 0.05973050547168102, 0.04420248534609287, 0.05449222599337081, 0.02702803819933988, 0.03933880611506015, 0.034974525759183285, 0.046182765765295924, 0.03633451157413251, 0.03311464640320944]
[0.038822762903996964, 0.2136297630263096, 0.061338807508760106, 0.12553656067278596, 0.07345352742723367, 0.06341763803862698, 0.03064818987870677, 0.07040128887093904, 0.05184177778468302, 0.04125676507513233, 0.09665884923925616, 0.08287228398849818, 0.0596247212979732, 0.04682871394339605, 0.05949777715929179, 0.02239202262568341, 0.041323950800706034, 0.026916920109427686, 0.04443712630225053, 0.03558492691797837, 0.03469555307565262]
[0.056479423301989344, 0.16501705194293798, 0.05971209001918138, 0.15401659812098212, 0.05668174299791051, 0.033945307740129285, 0.016395832551419683, 0.06064237188617272, 0.02984187617844085, 0.07253763226666826, 0.0516530440660538, 0.05378744232964065, 0.08385386649014617, 0.07163882083405804, 0.0325192394687486, 0.009282800812139839, 0.05442472504767816, 0.05838231522897985, 0.07398854879670942, 0.05481213670110951, 0.04882091034983285]
[0.06846688232509877, 0.23784853040701548, 0.08056698815007829, 0.2398309192807544, 0.07126698902892217, 0.03791891177553965, 0.04963299338225776, 0.09493051447608554, 0.03269506166659373, 0.07746923423986408, 0.08903615286052226, 0.07799175097984981, 0.10645323189567572, 0.08488594851278493, 0.036604577065664584, 0.050010949344764404, 0.04402569925568103, 0.06203973070228285, 0.09125278823189996, 0.06341937044050648, 0.0530800196012997]
[0.04133422511827877, 0.19269948826101413, 0.08276725654351146, 0.14136601756587688, 0.079234344573609, 0.04315659367582868, 0.04905956562525315, 0.07235534390191442, 0.038297472327955835, 0.05870696070484477, 0.08201404892702742, 0.08345196684747574, 0.07460619310214436, 0.055926991527501836, 0.04197436572374567, 0.040200573287976056, 0.046196958972841304, 0.036152507503306994, 0.06080186465750171, 0.03847379488897457, 0.029086470634742033]
[0.037845304184504304, 0.2745847576090266, 0.09066372948346337, 0.20434320258083274, 0.10030749393566919, 0.049833149508283804, 0.05362728177104435, 0.09230962253069104, 0.04621809141796426, 0.05400994592203467, 0.1388280136370503, 0.09815005151983823, 0.08730604385404839, 0.05809072511482949, 0.04944490267048022, 0.05123971587045265, 0.05137928939403549, 0.031592431907486215, 0.0576651650237091, 0.03234817874939815, 0.032541829389072484]
[0.06600277234740404, 0.16641992098422975, 0.056228666996769386, 0.14682599062716903, 0.06264824592073064, 0.03724390699717137, 0.04358728418507562, 0.07838479226052002, 0.034301186348555564, 0.0633457784367911, 0.06044801640021934, 0.07980105029368752, 0.08187656535138581, 0.07324248081645707, 0.03630296769490672, 0.03355515619504267, 0.06130616590577247, 0.043256747239805535, 0.08169750521053545, 0.06732301330068707, 0.05880868930237301]
[0.06301381390479302, 0.22465987601972637, 0.0648352303127882, 0.1888958912185975, 0.07001613711121633, 0.04333999925018639, 0.03563935633988022, 0.09355852438227483, 0.03413861036132861, 0.06262354138816506, 0.06669575682546418, 0.10404803975085294, 0.09669191684122751, 0.07663793326066251, 0.03961089512117678, 0.039220914573955316, 0.05597615304077681, 0.05274025472081485, 0.07878461561519728, 0.06782805564445889, 0.052202636287244274]
[0.04967777470429738, 0.23181314536744782, 0.05543728159875225, 0.19544131503264178, 0.0659155972563997, 0.04293160232448443, 0.05863693629227519, 0.0949908611335655, 0.034159453684377054, 0.08337862946596478, 0.05533152033849072, 0.0722620363516443, 0.0969598039392869, 0.08864651573768736, 0.03781814809967001, 0.03543430089957999, 0.06396428239766809, 0.04857168959344305, 0.06377361505209114, 0.05931373856508412, 0.05766889170397468]
[0.05592811018340827, 0.22552490668944927, 0.051815040377280894, 0.20365146402407494, 0.08578798466372578, 0.049855743320174055, 0.061420538315477134, 0.07790148427485835, 0.03336752895738795, 0.08673663562850234, 0.06602088943142491, 0.09006629091690461, 0.09407278722645199, 0.09209460613077798, 0.04165131315958079, 0.039324393261463565, 0.07347320228359525, 0.05521327299485917, 0.06992181475928319, 0.0523489478901089, 0.04704075403976482]
[0.061469827791548894, 0.23396377561883977, 0.04216854569712491, 0.19957230518199742, 0.05798621329958625, 0.04347786596843, 0.059453697292100684, 0.06872755807585257, 0.03096582404991245, 0.08754605603759771, 0.06323488157636638, 0.06792637529439186, 0.0966261816822815, 0.09115205545025498, 0.03874588183829157, 0.029489523194025, 0.07578314701882798, 0.03951062207493033, 0.07408588773411753, 0.04754452020796257, 0.047033299317295885]
[0.0622376478929572, 0.19740563480467294, 0.05505692502847917, 0.18599750479028493, 0.0770826241740927, 0.041880570713911186, 0.03745902059002248, 0.06594995432934136, 0.032185961592057784, 0.045407587684620915, 0.05614500544475963, 0.08398210432065487, 0.06559710490630619, 0.049214934610913266, 0.034907998391449466, 0.03473787904886677, 0.04463788918529132, 0.043183511456087786, 0.055387410154439674, 0.05035306495557575, 0.040874764208246706]
[0.057875298039602695, 0.23031558513062045, 0.12279004695116374, 0.18083424619100033, 0.16724715676927568, 0.050947468644645416, 0.02729467983130402, 0.1294010352253153, 0.04233467847735471, 0.05452358212329091, 0.07901359055811802, 0.19242904732377866, 0.07641548112731514, 0.055137041818151905, 0.04613554893565654, 0.020658616680095034, 0.027414328410053354, 0.034526756477701134, 0.07496497614561991, 0.03477767163156246, 0.0059101691728605295]
[0.07117257037676833, 0.2092867026570783, 0.13915162080045376, 0.18876173990734305, 0.175535732110292, 0.056578958605978454, 0.03857943325937441, 0.16404696316677167, 0.0418646311810896, 0.0650133685499743, 0.05421373547534326, 0.18496863163499863, 0.07499495626274509, 0.06120434949168594, 0.05203814966044485, 0.048280940068341945, 0.06570511987584425, 0.054830335083196687, 0.07152697650413019, 0.044768644666536676, 0.04910888513503652]
[0.05498844880631936, 0.1865562579311727, 0.05521096014916442, 0.16272942789667488, 0.07624627233654287, 0.03661308567745347, 0.03344978261572802, 0.0938390275445958, 0.030099664200713094, 0.05258558375212011, 0.05678688648733913, 0.10641915415234143, 0.059133234498737974, 0.06411555137790459, 0.02895357935663105, 0.03207465390614628, 0.0583791569138054, 0.04095107869130619, 0.06668430519217868, 0.055255315335477125, 0.04716231824249564]
[0.05975969900843936, 0.22773324318868887, 0.05271010615541464, 0.204323111697239, 0.08218097311751747, 0.04294020793579572, 0.0685867397106419, 0.07416664310037034, 0.035866756737804734, 0.09714671540967816, 0.06864252167822718, 0.08714813178227268, 0.09158859774086604, 0.09997495044902577, 0.03723404277468417, 0.03988828490589408, 0.07116631662181447, 0.050835817843647116, 0.07823513888304447, 0.04444827284237982, 0.044103081417920756]
[0.07127861598447897, 0.22341777299831264, 0.0503178648953338, 0.20917253799026989, 0.06002619019003458, 0.04705558693857484, 0.06250111131263833, 0.06522390310566586, 0.03689768651875956, 0.0875060053804271, 0.05591084687876679, 0.06112130530436625, 0.09915148244862837, 0.09105643592562443, 0.04310163976458676, 0.047645541258098376, 0.0693408796472702, 0.056854890509036984, 0.08071241084803621, 0.05256569721645867, 0.05058577435727071]
[0.05318741340425766, 0.19085234824117775, 0.058332769542654386, 0.17356944975156263, 0.07657267882117967, 0.03886876702772167, 0.028433748158112556, 0.06555881155656124, 0.03148407174091779, 0.045024596304723045, 0.05603481002396009, 0.0696825624941313, 0.08357218600712421, 0.03796558666144463, 0.031927673108580266, 0.03600245838142422, 0.034555687907077595, 0.05171460466433186, 0.07335952701980449, 0.02122496269453996, 0.02842704599102196]
[0.05392423040069381, 0.19607281432370957, 0.05916272801936719, 0.16360849446870232, 0.06948213550189968, 0.045586595265617084, 0.02814509209650144, 0.07495868729909698, 0.03390224912864583, 0.05481790186152878, 0.05363514137056015, 0.07576667800193992, 0.08201234095386517, 0.06313409057305178, 0.03593631056008338, 0.0302268955027091, 0.053269523075837405, 0.05209018995826168, 0.07407288139939885, 0.05267504036980943, 0.04371554993780425]
[0.06030836204833473, 0.2007582423155507, 0.06779055843747463, 0.1826105924033869, 0.07920842253692338, 0.04367088604088208, 0.027342212852971875, 0.08242027495853853, 0.040714671693142815, 0.04192350510444097, 0.06477459070498183, 0.07966805740493817, 0.07257959712329493, 0.07103145520184316, 0.03175104220356692, 0.03292802604400968, 0.06164888330112376, 0.0192766043728118, 0.06674083377051615, 0.05460257898114562, 0.05330037515161678]
[0.04476297530535746, 0.2493388081966343, 0.06336320243861257, 0.22793461224612724, 0.07459025525678384, 0.04730777606537957, 0.042787598740561456, 0.06767350310252065, 0.03915451818411254, 0.061188132599042495, 0.07399677097523068, 0.07501552039406192, 0.07240768283538866, 0.07400933877361045, 0.03807941228713742, 0.014809248029158985, 0.040799594599396014, 0.023401535901401555, 0.05954577084232021, 0.021224195869276097, 0.034942176761786535]
[0.05003481202433216, 0.20308493392045612, 0.05717632894617183, 0.19526374569827376, 0.06867077497298674, 0.03438665491555692, 0.028527419367384448, 0.06883790082881269, 0.03269428986048801, 0.06662206135664753, 0.07644922008769363, 0.06516172545797871, 0.09540030111810453, 0.08424063308616372, 0.03269955478114566, 0.03315193748570955, 0.0698640912666124, 0.05017432633157911, 0.07496452776054556, 0.04180473872425831, 0.047091857341931526]
[0.057473843958509574, 0.24597313304750068, 0.07577837598714426, 0.22304511505311628, 0.12564712685659377, 0.054301043165884286, 0.05253788707754965, 0.10054473797742325, 0.04764478324223023, 0.06572652247725738, 0.0786122908769869, 0.12454836483850731, 0.08942032202114562, 0.07563137225015278, 0.04373067838163789, 0.01862899142939458, 0.05034360445317504, 0.018356461872280752, 0.061814541012904095, 0.026056353963498032, 0.02129869419418213]